bidPrice,bidSize,askPrice,askSize,lastSalePrice,lastSaleSize,volume,time
55.27,100,56.32,100,55.285,9,138776,8:18:14
55,100,56.32,100,55.36,100,139176,8:19:17
55,100,56.32,100,55.37,100,140787,8:21:55
55,100,56.32,100,55.365,500,143187,8:22:57
55,100,56.32,100,55.415,100,144188,8:23:58
55,100,56.32,100,55.4,100,144795,8:24:59
55,100,56.32,100,55.54,100,145950,8:26:2
55,100,56.32,100,55.56,100,146450,8:27:4
55,100,56.32,100,55.655,100,147150,8:28:6
55.75,200,56.32,100,55.76,100,148050,8:29:8
55.68,100,55.72,133,55.68,100,149459,8:30:10
55.72,100,56.32,100,55.7,100,150860,8:31:12
55,100,56.32,100,55.72,100,151560,8:32:13
55,100,56.32,100,55.69,2,152366,8:33:14
55,100,56.32,100,55.67,100,152678,8:34:18
55,100,55.77,100,55.73,91,155206,8:35:21
55,100,56.32,100,55.775,1000,156933,8:36:23
55,100,56.32,100,55.74,100,160470,8:37:24
55,100,56.32,100,55.825,100,161188,8:38:27
55.76,100,56.32,100,55.82,100,163623,8:39:28
55.76,100,55.77,100,55.75,3,165421,8:40:31
55.25,100,55.69,100,55.7,5,165827,8:41:33
55.75,100,56.32,100,55.74,4,166131,8:42:34
55.25,100,56.32,100,55.665,100,166838,8:43:35
55.25,100,55.59,100,55.63,1,166939,8:44:41
55.25,100,55.61,100,55.61,15,167481,8:45:42
55.25,100,56.32,100,55.595,100,168087,8:46:44
55.6,100,56.32,100,55.6,100,168682,8:47:49
55.25,100,56.32,100,55.525,100,169286,8:48:53
55.53,100,56.32,100,55.54,100,169818,8:49:56
55.5,100,56.32,100,55.5,100,170228,8:50:59
55.25,100,56.32,100,55.525,100,170835,8:52:1
55.45,100,56.32,100,55.44,100,172099,8:53:18
55.25,100,55.38,100,55.365,100,172918,8:54:21
55.25,100,55.47,200,55.36,6,173633,8:55:24
55.25,100,55.34,100,55.33,100,174945,8:56:26
55.25,100,55.47,200,55.33,5,175051,8:57:28
55.25,100,55.47,200,55.33,4,176068,8:58:35
55.25,100,55.47,200,55.385,100,176884,8:59:40
55.25,100,55.47,200,55.44,100,178798,9:0:43
55.25,100,55.6,200,55.415,100,179464,9:1:46
55.4,100,55.6,200,55.43,92,180464,9:2:48
55.25,100,55.6,200,55.43,300,181476,9:3:51
55.44,100,55.6,200,55.45,4,183013,9:4:54
55.41,100,55.6,200,55.415,100,184086,9:6:0
55.25,100,55.6,200,55.42,100,184759,9:7:2
55.25,100,55.6,200,55.495,900,186509,9:8:3
55.25,100,55.6,200,55.49,100,188883,9:9:5
55.25,100,55.46,100,55.455,200,189388,9:10:9
55.37,100,55.6,200,55.38,100,189896,9:11:13
55.25,100,55.6,200,55.385,100,190924,9:12:30
55.25,100,55.6,200,55.445,300,191930,9:13:47
55.25,100,55.6,200,55.315,200,192738,9:14:53
55.31,100,55.6,200,55.315,1,193655,9:15:56
55.17,100,55.19,100,55.18,100,196998,9:16:59
54.06,100,55.6,200,55.18,6,197305,9:18:1
54.06,100,55.13,100,55.115,1,200015,9:19:3
54.06,100,55.04,100,55.045,300,202865,9:20:5
54.06,100,55.6,200,55.045,400,205780,9:21:9
55.1,100,55.12,100,55.135,100,207585,9:22:11
54.06,100,55.21,100,55.17,300,210618,9:23:13
54.06,100,55.18,100,55.17,100,214294,9:24:14
55.08,100,55.6,200,55.075,800,219204,9:25:17
54.06,100,55.6,200,55.12,6,219885,9:26:20
54.06,100,55.6,200,55.03,1,224392,9:27:21
54.06,100,55.6,200,55.155,1000,226033,9:28:26
55.22,100,55.25,100,55.245,100,228618,9:29:29
55.33,100,55.6,200,55.31,100,229586,9:30:32
54.06,100,55.6,200,55.285,100,230586,9:31:37
54.06,100,55.23,100,55.245,100,231109,9:32:40
54.06,100,55.29,100,55.245,100,232030,9:33:45
54.06,100,55.6,200,55.225,15,232765,9:34:48
55.36,100,55.38,100,55.38,100,233285,9:35:54
55.29,100,55.6,200,55.295,4,233617,9:36:57
54.06,100,55.35,100,55.31,1,234914,9:37:59
54.06,100,55.6,200,55.375,100,235358,9:39:5
54.06,100,55.47,100,55.45,100,237401,9:40:6
54.06,100,55.47,100,55.455,100,238921,9:41:8
54.06,100,55.47,100,55.375,4,239382,9:42:11
54.06,100,55.47,100,55.385,3,239853,9:43:14
55.41,100,55.47,100,55.415,100,240448,9:44:15
54.06,100,55.41,100,55.4,100,242008,9:45:20
55.41,200,55.47,100,55.415,5,242484,9:46:23
55.46,100,55.47,100,55.465,5,243157,9:47:26
55.37,100,55.6,200,55.38,100,243822,9:48:29
55.31,100,55.6,200,55.35,23,243997,9:49:31
55.41,100,55.44,100,55.44,100,244431,9:50:38
55.39,100,55.6,200,55.375,600,245451,9:51:41
54.06,100,55.6,200,55.37,99,247009,9:52:46
54.06,100,55.35,100,55.345,500,247509,9:53:47
54.06,100,55.6,200,55.39,50,247659,9:54:51
54.06,100,55.6,200,55.405,2,247769,9:55:57
55.36,100,55.6,200,55.385,4,248693,9:56:59
55.39,100,55.6,200,55.385,100,249915,9:58:2
55.36,100,55.4,100,55.385,12,250027,9:59:2
54.06,100,55.6,200,55.33,1,250135,10:0:5
54.06,100,55.33,100,55.325,1,250343,10:1:8
54.06,100,55.6,200,55.325,1,250343,10:2:9
54.06,100,55.31,100,55.315,1,250538,10:3:12
54.06,100,55.22,200,55.215,1,250962,10:4:12
54.06,100,55.6,200,55.225,500,252149,10:5:16
55.27,100,55.6,200,55.28,100,252621,10:6:33
54.06,100,55.6,200,55.25,1,253770,10:7:36
54.06,100,55.6,200,55.34,10,254100,10:8:38
54.06,100,55.6,200,55.34,10,254100,10:9:39
54.06,100,55.6,200,55.4,100,254344,10:10:42
54.06,100,55.6,200,55.385,1000,255886,10:11:59
55.39,100,55.6,200,55.4,100,256086,10:13:1
55.4,300,55.6,200,55.4,100,256086,10:14:4
55.42,100,55.6,200,55.41,100,256186,10:15:7
54.06,100,55.44,100,55.42,100,257793,10:16:9
55.44,300,55.6,200,55.43,100,258514,10:17:12
54.06,100,55.42,100,55.445,1300,260714,10:18:13
54.06,100,55.35,100,55.32,100,260918,10:19:18
55.38,100,55.6,200,55.365,1000,261918,10:20:21
54.06,100,55.6,200,55.43,100,262118,10:21:24
54.06,100,55.5,100,55.48,5,262424,10:22:26
55.56,100,55.6,200,55.55,100,263547,10:23:29
54.06,100,55.59,100,55.55,100,263847,10:24:32
55.56,100,55.59,100,55.55,100,264504,10:25:34
54.06,100,55.64,100,55.64,100,265157,10:26:40
55.64,100,56.32,100,55.65,100,268622,10:27:42
54.06,100,55.68,100,55.66,100,269021,10:28:45
55.72,100,56.32,100,55.685,9,270131,10:29:47
55.76,200,56.32,100,55.765,98,270646,10:30:50
55.82,100,56.32,100,55.815,100,272149,10:31:55
55.83,100,55.85,100,55.85,100,272687,10:32:56
55.78,200,56.32,100,55.83,100,272987,10:34:2
54.06,100,56.32,100,55.77,100,273476,10:35:4
55.79,100,55.88,500,55.87,4,273866,10:36:7
55.8,100,56.32,100,55.805,1,274312,10:37:10
54.06,100,55.75,200,55.78,100,274521,10:38:12
54.06,100,56.32,100,55.765,6,274727,10:39:15
55.73,100,55.75,100,55.725,100,275028,10:40:18
55.75,200,56.32,100,55.74,3,275381,10:41:23
54.06,100,56.32,100,55.725,103,275484,10:42:26
54.06,100,56.32,100,55.76,100,275684,10:43:29
54.06,100,56.32,100,55.795,15,275699,10:44:31
54.06,100,56.32,100,55.72,1,275815,10:45:34
54.06,100,55.77,143,55.74,100,276123,10:46:37
54.06,100,55.83,153,55.825,100,276523,10:47:42
54.06,100,56.32,100,55.84,100,277023,10:48:45
54.06,100,56.32,100,55.8,100,277123,10:49:51
54.06,100,55.77,200,55.81,5,277128,10:50:54
54.06,100,56.32,100,55.73,1,277340,10:52:1
54.06,100,55.72,100,55.69,100,277641,10:53:6
55.73,100,56.32,100,55.73,92,278041,10:54:9
55.75,100,56.32,100,55.745,162,279677,10:55:12
54.06,100,55.7,100,55.71,100,280184,10:56:13
54.06,100,55.7,100,55.7,1,280767,10:57:15
54.06,100,55.7,100,55.695,102,281610,10:58:18
54.06,100,55.74,100,55.68,9,282352,10:59:21
54.06,100,55.74,100,55.64,5,282895,11:0:26
54.06,100,55.64,100,55.645,400,284635,11:1:29
54.06,100,55.74,100,55.615,100,285148,11:2:30
54.06,100,55.74,100,55.615,100,285148,11:3:32
54.06,100,55.65,100,55.65,100,287451,11:4:34
54.06,100,55.74,100,55.63,51,287602,11:5:37
54.06,100,55.74,100,55.63,51,287602,11:6:43
54.06,100,55.62,100,55.6,100,287927,11:7:46
54.06,100,55.74,100,55.58,1,287931,11:8:52
54.06,100,55.74,100,55.555,105,288037,11:9:55
54.06,100,55.55,100,55.55,100,288138,11:10:57
54.06,100,55.53,100,55.53,100,288442,11:11:59
55.55,100,55.74,100,55.56,100,288642,11:13:5
54.06,100,55.6,100,55.585,1,288943,11:14:8
54.06,100,55.74,100,55.555,2,289150,11:15:11
55.61,100,55.74,100,55.605,2,289753,11:16:28
54.06,100,55.74,100,55.64,11,290065,11:17:28
54.06,100,55.74,100,55.63,3,291168,11:18:31
54.06,100,55.65,200,55.64,5,291390,11:19:33
54.06,100,55.74,100,55.68,100,292595,11:20:39
54.06,100,56.32,100,55.74,5,292758,11:21:45
55.76,100,55.77,100,55.745,600,293458,11:22:47
54.06,100,56.32,100,55.79,1,294140,11:24:4
54.06,100,55.8,100,55.795,4,295227,11:25:7
54.06,100,56.32,100,55.74,3,295348,11:26:10
55.73,100,56.32,100,55.76,1,295349,11:27:12
55.72,100,56.32,100,55.745,100,296055,11:28:18
54.06,100,56.32,100,55.71,3,296058,11:29:35
55.74,100,56.32,100,55.71,3,296058,11:30:39
54.06,100,56.32,100,55.71,3,296058,11:31:45
55.79,100,56.32,100,55.78,100,296438,11:32:50
54.06,100,56.32,100,55.78,1,296543,11:33:53
54.06,100,56.32,100,55.75,100,296743,11:34:59
54.06,100,56.32,100,55.75,100,296743,11:36:6
54.06,100,55.82,100,55.81,3,296757,11:37:12
55.86,100,56.32,100,55.85,2,297060,11:38:13
54.06,100,56.32,100,55.93,100,297268,11:39:15
54.06,100,56.32,100,55.93,3,298400,11:40:18
54.06,100,56.32,100,55.88,100,299007,11:41:21
54.06,100,55.89,100,55.885,100,299207,11:42:21
54.06,100,56.32,100,55.86,12,299423,11:43:24
54.06,100,56.32,100,55.89,100,299523,11:44:25
55.83,200,56.32,100,55.82,1,299635,11:45:28
55.87,100,56.32,100,55.845,74,299709,11:46:32
54.06,100,55.89,100,55.86,100,299819,11:47:35
55.86,100,56.32,100,55.88,100,299919,11:48:37
54.06,100,56.32,100,55.85,100,300122,11:49:40
54.06,100,56.32,100,55.84,1,300183,11:50:42
55.76,100,56.32,100,55.78,100,300694,11:51:43
55.71,100,55.72,100,55.715,800,302596,11:52:45
54.06,100,56.32,100,55.725,100,303919,11:53:50
55.74,100,55.75,100,55.75,100,304129,11:54:52
54.06,100,55.8,100,55.79,100,304944,11:55:54
54.06,100,56.32,100,55.8,2,305455,11:56:56
54.06,100,56.32,100,55.815,100,305856,11:57:57
54.06,100,55.8,100,55.785,200,307367,11:59:0
54.06,100,56.32,100,55.8,100,310466,12:0:2
54.06,100,56.32,100,55.71,1,311870,12:1:9
55.7,200,56.32,100,55.71,100,314070,12:2:12
54.06,100,56.32,100,55.695,20,314090,12:3:14
54.06,100,56.32,100,55.715,100,314290,12:4:16
54.06,100,55.7,100,55.685,3,314923,12:5:17
55.71,100,56.32,100,55.7,100,315023,12:6:20
54.06,100,56.32,100,55.7,100,315023,12:7:21
55.71,100,56.32,100,55.72,59,315082,12:8:27
54.06,100,55.75,200,55.72,59,315082,12:9:29
55.79,100,56.32,100,55.78,100,315382,12:10:30
54.06,100,56.32,100,55.81,1,315583,12:11:33
54.06,100,56.32,100,55.795,101,316485,12:12:34
54.06,100,56.32,100,55.84,50,316635,12:13:37
54.06,100,55.8,100,55.795,400,321804,12:14:38
54.06,100,55.81,100,55.815,20,321837,12:15:44
54.06,100,55.81,200,55.8,100,321937,12:16:45
54.06,100,56.32,100,55.79,100,322037,12:17:46
54.06,100,56.32,100,55.79,3,322441,12:18:47
54.06,100,56.32,100,55.795,100,322541,12:19:49
55.78,200,56.32,100,55.805,100,322859,12:20:53
54.06,100,56.32,100,55.745,100,323159,12:21:55
54.06,100,56.32,100,55.83,100,323361,12:22:57
54.06,100,56.32,100,55.765,600,325461,12:23:59
54.06,100,56.32,100,55.765,500,326661,12:25:1
54.06,100,56.32,100,55.855,100,327746,12:26:4
54.06,100,56.32,100,55.895,100,328246,12:27:6
54.06,100,55.91,100,55.895,100,328447,12:28:9
54.06,100,56.32,100,55.895,200,329447,12:29:10
54.06,100,56.32,100,55.895,200,329447,12:30:12
54.06,100,56.32,100,55.945,100,329749,12:31:14
54.06,100,56.32,100,55.935,2,329951,12:32:16
55.91,100,56.32,100,55.905,400,330451,12:33:18
54.06,100,55.94,100,55.93,100,331301,12:34:19
54.06,100,56.32,100,55.955,100,331501,12:35:36
54.06,100,55.92,100,55.895,100,332611,12:36:38
54.06,100,56.32,100,55.94,100,333011,12:37:44
54.06,100,56.32,100,55.855,100,333411,12:38:46
55.9,200,56.32,100,55.92,100,333723,12:39:49
55.93,200,56.32,100,55.95,3,333873,12:40:50
54.06,100,56.32,100,55.95,3,333873,12:41:51
54.06,100,56.32,100,55.865,100,334079,12:42:51
54.06,100,56.32,100,55.8,100,334183,12:44:9
55.76,100,56.32,100,55.77,1,334385,12:45:16
54.06,100,56.32,100,55.785,100,334485,12:46:18
54.06,100,56.32,100,55.785,100,334485,12:47:24
54.06,100,56.32,100,55.725,102,334592,12:48:27
54.06,100,56.32,100,55.65,99,334996,12:49:33
54.06,100,55.61,200,55.615,100,338199,12:50:39
55.53,100,56.32,100,55.53,100,338402,12:51:41
54.06,100,55.6,200,55.56,100,338602,12:52:42
54.06,100,56.32,100,55.5,100,341304,12:53:44
55.48,100,56.32,100,55.49,100,341805,12:54:47
54.06,100,56.32,100,55.48,2,341817,12:55:50
54.06,100,56.32,100,55.5,500,343017,12:56:52
55.46,200,56.32,100,55.5,500,343017,12:57:56
54.06,100,55.5,100,55.5,200,343392,12:58:58
55.53,100,56.32,100,55.53,17,343522,13:0:1
55.51,100,56.32,100,55.515,8,343630,13:1:7
55.51,100,56.32,100,55.5,100,343840,13:2:24
54.06,100,56.32,100,55.545,100,345025,13:3:27
54.06,100,55.48,100,55.48,9,345037,13:4:33
55.44,100,55.45,100,55.45,41,347748,13:5:39
54.06,100,55.47,100,55.46,100,349749,13:6:41
55.46,100,56.32,100,55.45,92,349849,13:7:47
54.06,100,56.32,100,55.46,5,349955,13:8:51
54.06,100,56.32,100,55.4,1,349957,13:9:53
54.06,100,56.32,100,55.385,300,350357,13:10:54
54.06,100,55.31,136,55.315,100,351236,13:11:56
54.06,100,56.32,100,55.295,100,352336,13:12:59
54.06,100,56.32,100,55.28,200,353442,13:14:2
55.31,100,56.32,100,55.275,10,353652,13:15:3
55,200,56.32,100,55.35,100,353859,13:16:5
55,200,55.42,100,55.41,100,354183,13:17:8
55.41,100,56.32,100,55.415,400,357891,13:18:11
55,200,55.43,100,55.41,1,358192,13:19:13
55,200,55.4,200,55.37,100,358393,13:20:21
55.4,100,56.32,100,55.37,100,358393,13:21:26
55,200,55.43,100,55.43,100,358594,13:22:27
55,200,56.32,100,55.48,100,358694,13:23:30
55.4,200,56.32,100,55.405,100,359730,13:24:33
55.38,200,56.32,100,55.395,100,360730,13:25:36
55,200,56.32,100,55.395,1,361244,13:26:38
55.39,100,56.32,100,55.405,1,361679,13:27:39
55,200,56.32,100,55.425,1,362139,13:28:42
55,200,55.42,100,55.415,100,362248,13:29:47
55,200,55.38,100,55.375,50,362398,13:30:50
55,200,56.32,100,55.33,100,362598,13:31:51
55.25,200,56.32,100,55.38,100,363235,13:32:54
55.39,100,56.32,100,55.395,9,363887,13:33:59
55.35,100,56.32,100,55.37,13,364543,13:35:2
55.25,200,55.37,100,55.365,1,364607,13:36:5
55.25,200,56.32,100,55.38,1,364726,13:37:8
55.38,100,56.32,100,55.375,1,364759,13:38:15
55.25,200,55.4,100,55.385,1,365118,13:39:18
55.25,200,56.32,100,55.435,2,365233,13:40:20
55.38,100,56.32,100,55.405,100,366445,13:41:26
55.25,200,56.32,100,55.395,200,367645,13:42:27
55.38,100,56.32,100,55.38,1,371877,13:43:29
55.25,200,55.45,100,55.445,100,373345,13:44:31
55.54,100,56.32,100,55.515,100,376082,13:45:34
55.46,100,56.32,100,55.455,100,378296,13:46:40
54.06,100,55.43,200,55.425,13,383769,13:47:42
54.06,100,55.36,100,55.37,100,384622,13:48:45
54.06,100,55.36,100,55.36,1,385130,13:49:48
55.31,100,56.32,100,55.32,100,385499,13:51:5
55.29,300,56.32,100,55.3,100,386129,13:52:8
54.06,100,56.32,100,55.34,100,387140,13:53:11
55.41,300,55.43,100,55.4,100,389166,13:54:15
55.42,100,55.44,100,55.415,50,392929,13:55:17
54.06,100,56.32,100,55.405,24,396264,13:56:34
54.06,100,55.42,300,55.415,100,397925,13:57:40
54.06,100,56.32,100,55.42,100,400916,13:58:41
53,140,55.43,200,55.415,102,405814,13:59:43
