bidPrice,bidSize,askPrice,askSize,lastSalePrice,lastSaleSize,volume,time
60.76,100,61,100,60.775,100,294205,8:14:55
60.78,100,61,100,60.805,100,296583,8:15:58
60.8,200,61,100,60.8,7,297985,8:17:1
60.6,200,61,100,60.92,87,300477,8:18:3
60.6,200,61,100,60.86,100,302285,8:19:5
60.6,200,60.85,100,60.84,100,303869,8:20:7
60.6,200,61,100,60.955,100,308427,8:21:8
60.6,200,60.84,100,60.86,100,312709,8:22:11
60.6,200,61,100,60.68,1,318235,8:23:13
60.6,200,61,100,60.77,8,320331,8:24:14
60.12,300,60.66,100,60.7,185,327530,8:25:15
60.67,100,61,100,60.68,100,334238,8:26:16
60.12,300,60.62,100,60.61,100,339140,8:27:19
60.12,300,61,100,60.68,100,349633,8:28:20
60.7,100,61,100,60.755,100,353683,8:29:22
60.12,300,60.82,100,60.815,100,354599,8:30:23
60.82,100,60.91,100,60.915,8,358212,8:31:26
60.82,100,61,200,60.87,100,359569,8:32:29
60.82,100,61,200,60.9,100,362059,8:33:29
60.82,100,60.89,100,60.88,100,362759,8:34:32
60.12,300,60.91,200,60.9,100,369267,8:35:33
60.12,300,60.93,100,60.92,100,371767,8:36:34
60.12,300,60.95,100,60.93,100,372887,8:37:35
60.12,300,60.81,200,60.83,50,376605,8:38:36
60.82,100,61,200,60.825,144,377064,8:39:42
60.12,300,60.83,100,60.825,100,377693,8:40:45
60.12,300,61,200,60.745,100,390797,8:41:46
60.7,200,61,200,60.695,100,396897,8:42:49
60.75,100,61,200,60.77,2,400797,8:43:51
60.79,200,61,200,60.79,100,405162,8:44:57
60.76,100,61,200,60.81,100,406262,8:45:58
60.76,100,61,200,60.84,100,406362,8:47:0
60.76,100,60.85,100,60.83,100,406769,8:48:3
60.76,100,60.83,100,60.84,100,411933,8:49:4
60.76,100,60.83,100,60.81,100,412336,8:50:6
60.81,200,61,200,60.84,79,412536,8:51:11
60.76,100,61,200,60.83,100,415119,8:52:17
60.76,100,61,200,60.875,100,418452,8:53:19
60.12,300,61,200,60.91,100,420252,8:54:22
60.87,100,61,200,60.925,100,421956,8:55:24
60.87,100,60.89,100,60.89,100,426042,8:56:27
60.87,100,61,200,60.925,100,428748,8:57:30
60.87,100,60.94,100,60.935,100,432384,8:58:47
60.87,100,60.94,100,60.94,100,433552,8:59:48
60.91,100,61,200,60.91,100,435354,9:0:53
60.89,100,60.9,100,60.895,12,436582,9:1:58
60.91,200,60.95,100,60.92,100,438911,9:3:1
60.12,300,60.95,100,60.94,12,439341,9:4:8
60.12,300,61,200,60.985,20,443608,9:5:10
60.94,100,61.2,100,60.945,315,445767,9:6:16
60.95,300,61.2,100,60.955,100,447067,9:7:20
60.96,200,61.2,100,60.96,100,448305,9:8:26
60.96,100,61.2,100,60.975,38,449579,9:9:43
60.12,300,61.2,100,61.08,23,452433,9:10:47
60.12,300,61.12,100,61.12,100,454927,9:11:48
60.12,300,61.2,100,61.15,100,455991,9:12:49
60.12,300,61.2,100,61.18,100,461981,9:13:52
61.09,100,61.1,100,61.155,100,463679,9:14:53
60.12,300,61.12,100,61.11,100,471292,9:16:12
60.96,100,61.2,100,60.985,200,472771,9:17:13
60.96,200,61.2,100,60.995,25,474283,9:18:14
60.96,100,61.2,100,60.965,74,479017,9:19:16
60.96,100,61.2,100,61.01,100,480138,9:20:17
60.93,200,61.2,100,60.95,100,481542,9:21:19
60.98,100,61.2,100,60.985,100,484487,9:22:22
60.12,300,61.02,100,61.035,26,485620,9:23:26
61.08,100,61.2,100,61.055,9,486561,9:24:28
61.05,100,61.1,100,61.09,100,488161,9:25:34
61.05,100,61.2,100,61.08,100,489161,9:26:37
60.8,1000,61.03,100,61.025,100,489862,9:27:42
61.01,100,61.02,100,61.01,100,491462,9:28:45
61.01,200,61.05,200,61.05,100,492098,9:29:48
60.92,100,60.94,200,60.96,100,497598,9:30:51
60.12,300,60.74,200,60.735,100,503981,9:31:56
60.74,100,61.2,100,60.745,5,506486,9:32:57
60.12,300,61.2,100,60.68,100,507625,9:34:1
60.12,300,61.2,100,60.665,100,509236,9:35:2
60.12,300,61.2,100,60.605,100,509989,9:36:5
60.12,300,61.2,100,60.675,7,518500,9:37:10
60.12,300,61.2,100,60.675,200,520924,9:38:13
60.12,300,60.73,100,60.725,100,521927,9:39:15
60.12,300,61.2,100,60.695,100,522227,9:40:18
60.12,300,61.2,100,60.685,300,525446,9:41:23
60.12,300,61.2,100,60.73,100,542517,9:42:59
60.12,300,61.2,100,60.74,135,546426,9:44:1
60.12,300,60.66,100,60.655,100,548237,9:45:6
60.12,300,61.2,100,60.6,100,549695,9:46:9
60.12,300,60.57,100,60.555,200,551095,9:47:10
60.12,300,60.6,100,60.605,100,551706,9:48:13
60.12,300,61.2,100,60.675,100,553070,9:49:14
60.12,300,60.69,100,60.675,100,553681,9:50:18
60.12,300,61.2,100,60.685,100,555181,9:51:20
60.12,300,61.2,100,60.66,100,556022,9:52:26
60.12,300,61.2,100,60.675,13,556135,9:53:29
60.12,300,60.62,100,60.635,100,556899,9:54:30
60.12,300,61.2,100,60.52,100,557704,9:55:34
60.12,300,60.47,100,60.455,100,558444,9:56:40
60.12,300,60.44,100,60.49,100,561625,9:57:45
60.12,300,60.39,100,60.4,100,561825,9:58:46
60.12,300,61.2,100,60.345,7,564835,9:59:48
60.12,300,61.2,100,60.355,100,566754,10:0:51
60.12,300,60.43,100,60.42,100,572008,10:1:57
60.12,300,60.38,100,60.365,100,572608,10:2:57
60.12,300,61.2,100,60.3,100,573313,10:4:0
60.12,300,61.2,100,60.315,100,573713,10:5:6
60.29,100,60.31,100,60.315,100,575325,10:6:7
60.31,100,61.2,100,60.315,100,578725,10:7:9
60.12,300,60.29,100,60.285,388,588164,10:8:15
60.31,100,61.2,100,60.315,100,597832,10:9:32
60.12,300,61.2,100,60.285,100,608732,10:10:33
60.12,300,60.2,200,60.195,4400,629263,10:11:34
60.06,100,60.12,100,60.115,300,654543,10:12:37
59.08,100,60.05,100,60.045,300,686753,10:13:40
59.08,100,61.2,100,59.98,100,695220,10:14:42
59.08,100,61.2,100,59.905,100,699367,10:15:45
59.9,200,61.2,100,59.915,100,702479,10:16:46
60.01,100,61.2,100,60.01,100,704633,10:17:48
59.9,200,60.03,100,60.01,100,707521,10:18:49
59.99,100,60.03,100,60.03,100,713042,10:19:52
59.9,200,60,100,59.99,100,720837,10:20:58
59.9,200,60.03,100,60.02,100,722145,10:21:59
59.08,100,59.99,100,59.995,102,728253,10:23:5
59.08,100,61.2,100,59.995,100,728969,10:24:7
59.97,200,60,100,59.98,11,730146,10:25:10
59.46,100,60,100,59.955,200,730646,10:26:13
59.46,100,59.91,100,59.89,100,731346,10:27:18
59.96,100,60.05,200,59.9,400,734297,10:28:19
59.98,100,60.05,200,59.95,100,736297,10:29:22
59.46,100,60.01,100,60.005,10,736807,10:30:25
59.46,100,60,243,60,57,737975,10:31:30
59.46,100,60.01,100,60.01,100,739172,10:32:33
59.46,100,60.33,100,60.045,200,741382,10:33:39
59.46,100,60.05,100,60.025,200,745574,10:34:42
59.46,100,60.09,100,60.06,100,750496,10:35:45
59.46,100,60.33,100,60.115,200,752907,10:36:46
60.05,100,61.2,100,60.085,1200,758107,10:37:48
59.46,100,61.2,100,60.035,1400,765009,10:39:5
59.99,100,60.1,200,59.98,78,765609,10:40:8
60,100,60.1,200,59.97,100,766360,10:41:27
60.01,800,60.02,100,60.01,100,769160,10:42:28
59.98,100,60.1,200,60.01,100,769881,10:43:31
59.46,100,59.97,200,59.98,100,770281,10:44:33
59.46,100,60.1,200,60,100,770681,10:45:36
59.46,100,60.1,200,59.93,80,771646,10:46:37
59.46,100,60.1,200,59.965,100,772046,10:47:38
59.99,100,60.1,200,59.985,100,772346,10:48:40
59.46,100,60.1,200,59.975,100,772446,10:49:42
59.98,100,60.1,200,59.985,100,773261,10:50:44
59.94,100,60.1,200,59.96,5,773666,10:51:50
59.46,100,59.96,100,59.955,100,774327,10:52:50
59.86,100,60.1,200,59.85,100,775471,10:53:53
59.77,100,60.1,200,59.775,100,777097,10:54:54
59.46,100,60.1,200,59.725,100,778297,10:55:55
59.46,100,59.74,100,59.725,100,779399,10:56:57
59.78,100,60.1,200,59.77,100,779699,10:57:59
59.81,100,60.1,200,59.815,100,787305,10:59:1
59.76,100,60.1,200,59.76,2,789113,11:0:4
59.46,100,60.1,200,59.715,100,790213,11:1:6
59.46,100,59.8,100,59.82,100,792124,11:2:11
59.66,100,60.1,200,59.665,6,795301,11:3:13
59.46,100,59.77,100,59.77,100,796264,11:4:14
59.74,100,60.1,200,59.72,100,796764,11:5:17
59.83,200,60.1,200,59.835,100,797164,11:6:20
59.46,100,59.82,200,59.805,100,797264,11:7:21
59.46,100,60.1,200,59.78,100,798065,11:8:27
59.46,100,59.84,100,59.82,100,798265,11:9:29
59.46,100,59.86,100,59.84,57,798576,11:10:34
59.46,100,59.83,100,59.8,100,798776,11:11:37
59.87,100,60.1,200,59.875,5,799081,11:12:43
59.91,100,60.1,200,59.89,100,799391,11:13:45
59.79,100,60.1,200,59.945,100,800556,11:14:48
59.79,100,60.1,200,59.925,72,801189,11:15:50
59.79,100,59.93,100,59.92,100,801496,11:16:53
59.95,100,60.1,200,59.915,100,801596,11:17:54
59.79,100,59.99,100,59.98,200,801896,11:18:55
59.79,100,60,100,59.905,300,802808,11:19:56
59.79,100,59.93,100,59.925,100,803422,11:20:57
59.79,100,60,100,59.87,100,803622,11:21:59
59.89,100,60,100,59.91,100,804222,11:23:2
59.46,100,59.81,100,59.805,100,805331,11:24:4
59.46,100,59.78,100,59.775,3,806320,11:25:5
59.77,100,60.1,200,59.77,100,806548,11:26:7
59.78,100,60.1,200,59.785,100,806948,11:27:9
59.46,100,59.8,100,59.84,100,808406,11:28:12
59.75,100,60.1,200,59.77,3,808809,11:29:13
59.76,100,60.1,200,59.77,100,809109,11:30:16
59.46,100,60.1,200,59.76,100,810113,11:31:19
59.46,100,59.79,100,59.78,100,810713,11:32:20
59.46,100,59.77,100,59.765,50,811366,11:33:21
59.46,100,60.1,200,59.735,5,812021,11:34:24
59.46,100,60.1,200,59.725,3,812739,11:35:25
59.46,100,60.1,200,59.765,100,813136,11:36:26
59.46,100,59.81,100,59.81,100,813839,11:37:28
59.46,100,60.1,200,59.74,100,814239,11:38:31
59.46,100,59.74,100,59.72,43,814382,11:39:32
59.46,100,60.1,200,59.72,100,814794,11:40:33
59.46,100,60.1,200,59.75,200,815694,11:41:34
59.46,100,59.75,100,59.745,100,815794,11:42:36
59.46,100,60.1,200,59.715,100,815894,11:43:39
59.77,100,60.1,200,59.775,100,819494,11:44:41
59.46,100,60.1,200,59.775,100,819494,11:45:44
59.7,400,59.73,100,59.7,12,820009,11:46:47
59.72,200,60.1,200,59.73,100,820810,11:47:48
59.46,100,60.1,200,59.725,100,820910,11:48:50
59.46,100,59.75,200,59.74,100,821410,11:49:51
59.46,100,59.72,100,59.705,100,821510,11:50:52
59.46,100,60.1,200,59.68,100,821710,11:51:54
59.46,100,59.71,100,59.705,100,822010,11:52:54
59.46,100,60.1,200,59.59,100,822841,11:53:57
59.46,100,59.53,200,59.535,15,823156,11:55:0
59.46,100,59.62,100,59.59,1510,832269,11:56:0
59.46,100,60.1,200,59.62,5,832574,11:57:7
59.46,100,60.1,200,59.6,100,832674,11:58:10
59.46,100,59.71,100,59.705,100,834733,11:59:12
59.46,100,60.1,200,59.685,25,835058,12:0:14
59.46,100,59.68,100,59.665,224,837049,12:1:19
59.46,100,60.1,200,59.705,500,839449,12:2:25
59.7,100,60.1,200,59.7,100,841247,12:3:28
59.46,100,60.1,200,59.7,97,841444,12:4:29
59.65,100,60.1,200,59.67,100,844144,12:5:31
59.46,100,60.1,200,59.645,100,844244,12:6:33
59.46,100,60.1,200,59.59,100,844794,12:7:35
59.46,100,59.61,100,59.605,100,845394,12:8:40
59.46,100,60.1,200,59.565,100,850060,12:9:42
59.46,100,59.57,200,59.57,100,850260,12:10:45
59.55,100,60.1,200,59.555,100,850960,12:11:47
59.56,100,60.1,200,59.565,100,853868,12:12:49
59.46,100,59.51,100,59.5,100,854821,12:13:52
59.5,200,60.1,200,59.5,3,855239,12:14:53
59.46,100,59.5,100,59.505,150,858512,12:15:55
59.48,100,60.1,200,59.49,100,859494,12:16:57
59.08,100,59.5,100,59.5,100,859996,12:17:57
59.08,100,59.5,100,59.48,100,860096,12:19:1
59.08,100,59.46,100,59.455,100,860780,12:20:1
59.08,100,59.87,150,59.485,100,861903,12:21:3
59.49,100,59.87,150,59.485,100,863194,12:22:9
59.48,100,59.87,150,59.49,100,863694,12:23:11
59.08,100,59.87,150,59.455,200,864294,12:24:12
59.08,100,59.87,150,59.51,100,865894,12:25:16
59.5,400,59.87,150,59.51,18,866124,12:26:16
59.08,100,59.87,150,59.5,100,871714,12:27:19
58.73,200,59.49,100,59.49,100,874421,12:28:20
59.49,100,59.87,150,59.495,4,876825,12:29:22
58.73,200,59.53,100,59.525,100,878825,12:30:26
59.49,100,59.87,150,59.495,1,879351,12:31:27
58.88,100,59.51,100,59.505,1,882079,12:32:29
58.88,100,59.87,150,59.495,300,882627,12:33:31
59.52,200,59.87,150,59.525,100,883442,12:34:33
58.88,100,59.51,100,59.495,200,883968,12:35:34
58.88,100,59.55,100,59.545,5,884176,12:36:35
58.88,100,59.55,100,59.56,35,884913,12:37:37
58.88,100,59.52,200,59.515,100,886116,12:38:43
58.88,100,59.47,200,59.495,100,886523,12:39:44
59.49,100,59.87,150,59.495,17,886640,12:40:46
59.49,100,59.87,150,59.505,100,886767,12:42:12
58.88,100,59.5,200,59.475,18,886785,12:43:15
58.88,100,59.49,100,59.475,200,887094,12:44:15
59.49,200,59.87,150,59.475,200,887094,12:45:16
58.88,100,59.49,100,59.49,100,887395,12:46:17
59.46,100,59.47,100,59.465,200,888323,12:47:17
59.43,100,59.87,150,59.435,100,888921,12:48:19
59.45,100,59.87,150,59.46,82,889721,12:49:20
58.88,100,59.87,150,59.435,100,890670,12:50:21
59.43,200,59.87,150,59.42,19,891717,12:51:23
59.41,200,59.87,150,59.41,70,891987,12:52:25
58.88,100,59.87,150,59.435,100,894987,12:53:31
58.88,100,59.43,100,59.405,100,895487,12:54:32
58.88,100,59.37,300,59.37,100,896277,12:55:34
58.88,100,59.87,150,59.295,48,897225,12:56:37
58.88,100,59.35,100,59.355,100,899536,12:57:38
58.88,100,59.3,200,59.3,100,899977,12:58:41
59.31,200,59.87,150,59.325,100,906715,12:59:43
59.29,100,59.87,150,59.295,100,909136,13:0:45
58.88,100,59.28,200,59.275,500,910260,13:1:45
58.88,100,59.3,100,59.295,4,911462,13:2:46
58.88,100,59.41,100,59.405,100,913100,13:3:47
59.44,100,59.87,150,59.445,100,913802,13:4:49
58.88,100,59.49,100,59.485,100,914545,13:5:51
58.88,100,59.87,150,59.55,100,914812,13:6:54
59.52,100,59.58,100,59.515,100,915129,13:7:57
58.88,100,59.58,100,59.52,1,915130,13:9:0
59.44,100,59.58,100,59.44,100,915640,13:10:1
59.4,100,59.87,150,59.385,100,918240,13:11:3
58.88,100,59.87,150,59.325,100,919755,13:12:3
58.88,100,59.34,200,59.33,100,919955,13:13:4
58.88,100,59.87,150,59.35,100,920055,13:14:5
58.88,100,59.44,100,59.435,100,923115,13:15:7
58.88,100,59.87,150,59.42,4,923719,13:16:8
58.88,100,59.87,150,59.39,100,924219,13:17:11
59.45,100,59.87,150,59.45,38,924557,13:18:11
58.88,100,59.55,100,59.53,100,924862,13:19:13
59.51,100,59.87,150,59.54,1,924863,13:20:15
58.88,100,59.52,100,59.555,14,924977,13:21:16
58.88,100,59.87,150,59.515,100,925077,13:22:19
59.45,100,59.46,100,59.445,14,926808,13:23:20
58.88,100,59.44,100,59.435,200,928173,13:24:22
58.88,100,59.87,150,59.495,6,931257,13:25:27
58.88,100,59.51,100,59.505,100,934945,13:26:28
58.88,100,59.5,100,59.505,5,935927,13:27:31
58.88,100,59.44,100,59.455,100,939204,13:28:33
58.88,100,59.45,100,59.445,400,943069,13:29:34
58.88,100,59.87,150,59.41,84,943169,13:30:38
58.88,100,59.4,100,59.395,100,944333,13:31:39
58.88,100,59.87,150,59.375,16,949762,13:32:42
58.88,100,59.37,100,59.365,100,951047,13:33:44
59.39,300,59.41,100,59.39,100,955144,13:35:1
59.39,100,59.4,100,59.395,300,959439,13:36:7
59.38,100,59.4,100,59.385,100,967320,13:37:8
58.88,100,59.38,300,59.375,64,970236,13:38:11
58.88,100,59.87,150,59.395,100,975005,13:39:13
58.88,100,59.4,100,59.385,100,978785,13:40:15
59.46,100,59.87,150,59.465,200,1007231,13:41:17
59.44,200,59.87,150,59.445,100,1008678,13:42:18
58.88,100,59.47,100,59.46,80,1010892,13:43:19
58.88,100,59.87,150,59.515,100,1012423,13:44:22
59.48,100,59.56,100,59.485,100,1014142,13:45:24
58.88,100,59.47,100,59.465,100,1016972,13:46:26
58.88,100,59.42,100,59.425,100,1018977,13:47:28
59.46,200,59.87,150,59.46,11,1022524,13:48:30
58.88,100,59.87,150,59.47,100,1028347,13:49:32
58.88,100,59.49,200,59.48,100,1035218,13:50:35
59.44,100,59.47,100,59.435,100,1038979,13:51:36
59.45,100,59.46,100,59.45,100,1046799,13:52:36
58.88,100,59.37,300,59.375,100,1050415,13:53:40
59.35,100,59.36,100,59.33,400,1063759,13:54:45
59.25,100,59.28,100,59.265,100,1076695,13:55:47
58.88,100,59.29,300,59.285,100,1088863,13:56:49
59.27,800,59.28,400,59.275,100,1099209,13:57:50
58.88,100,59.29,200,59.285,100,1116620,13:58:53
58.73,200,59.31,100,59.285,32,1131944,13:59:58
0,0,0,0,59.285,32,1131944,17:13:38
